4294967279,540
4294967279,539
4294967279,538
4294967278,351
4294967278,350
4294967279,537
4294967278,349
4294967279,536
4294967278,348
4294967279,535
4294967279,534
4294967278,347
4294967278,346
4294967278,345
4294967279,533
4294967279,532
4294967278,344
4294967279,531
4294967278,343
4294967279,530
4294967279,529
4294967279,528
4294967278,342
4294967278,341
4294967279,527
4294967278,340
4294967279,526
4294967278,339
4294967279,525
4294967279,524
4294967278,338
4294967278,337
4294967278,336
4294967279,523
4294967278,335
4294967278,334
4294967278,333
4294967279,522
4294967278,332
4294967279,521
4294967278,331
4294967278,330
4294967279,520
4294967278,329
4294967278,328
4294967279,519
4294967279,518
4294967279,517
4294967278,327
4294967279,516
4294967278,326
4294967279,515
4294967279,514
4294967278,325
4294967279,513
4294967279,512
4294967278,324
4294967279,319
4294967278,323
4294967279,318
4294967279,317
4294967278,322
4294967279,316
4294967279,315
4294967279,314
4294967278,321
4294967279,313
4294967279,312
23,89
23,88
23,87
23,86
23,85
23,84
23,83
23,82
23,81
23,80
23,79
23,78
23,77
23,76
23,75
23,74
23,73
23,72
23,71
23,70
23,69
23,68
23,67
23,66
23,65
23,64
23,37
23,36
23,35
23,34
23,33
23,32
23,31
23,30
23,29
23,28
23,27
23,26
23,25
23,24
23,23
23,22
23,21
23,20
23,19
23,18
23,17
23,16
23,15
23,14
23,13
23,12
23,11
23,10
23,9
23,8
23,7
23,6
4294967278,320
4294967278,319
4294967279,311
4294967278,318
4294967278,317
4294967278,316
4294967278,315
4294967279,310
4294967278,314
4294967278,313
4294967279,309
4294967279,308
4294967278,312
4294967278,311
4294967279,307
4294967278,310
4294967279,306
4294967279,305
4294967279,304
4294967279,303
4294967278,309
4294967279,302
4294967278,308
4294967279,301
4294967278,307
4294967278,306
4294967278,305
4294967278,304
4294967279,273
4294967293,131
4294967293,130
4294967293,129
4294967293,128
4294967293,127
4294967293,126
4294967293,125
4294967293,124
4294967293,123
4294967293,122
4294967293,121
4294967293,120
4294967293,119
4294967293,118
4294967293,117
4294967293,116
4294967293,115
4294967293,114
4294967293,113
4294967293,112
4294967293,111
4294967293,110
4294967293,109
4294967293,108
4294967293,107
4294967293,106
4294967293,105
4294967293,104
4294967293,103
4294967293,102
4294967293,101
4294967293,100
4294967293,99
4294967293,98
4294967293,97
4294967293,96
4294967293,95
4294967293,94
4294967293,93
4294967293,92
4294967293,91
4294967293,90
4294967293,89
4294967293,88
4294967293,87
4294967293,86
4294967293,85
4294967293,84
4294967293,83
4294967293,82
4294967293,81
4294967293,80
4294967293,79
4294967293,78
4294967293,77
4294967293,76
4294967293,75
4294967293,74
4294967293,73
4294967293,72
4294967293,71
4294967293,70
4294967293,69
4294967293,68
4294967293,67
4294967293,66
4294967293,65
4294967293,64
4294967293,63
4294967293,62
4294967293,61
4294967293,60
4294967293,59
4294967293,58
4294967293,57
4294967293,56
4294967293,55
4294967293,54
4294967293,53
4294967293,52
4294967293,51
4294967293,50
4294967293,49
4294967293,48
4294967293,47
4294967293,46
4294967293,45
4294967293,44
4294967293,43
4294967293,42
4294967293,41
4294967293,40
4294967293,39
4294967293,38
4294967293,37
4294967293,36
4294967293,35
4294967293,34
4294967293,33
4294967293,32
4294967293,31
4294967293,30
4294967293,29
4294967293,28
4294967293,27
4294967293,26
4294967293,25
4294967293,24
4294967293,23
4294967293,22
4294967293,21
4294967293,20
4294967293,19
4294967293,18
4294967293,17
4294967293,16
4294967293,15
4294967293,14
4294967293,13
4294967293,12
4294967293,11
4294967293,10
4294967293,9
4294967293,8
4294967293,7
4294967293,6
4294967293,5
4294967293,4
4294967293,3
4294967293,2
4243767290,0
4243767289,0
4243767288,0
4243767287,0
4243767286,0
4243767285,0
4243767284,0
4243767283,0
4243767282,0
4243767281,0
4294967293,0
4294967279,150
4294967279,38
4294967279,151
4294967279,152
4294967279,39
4294967279,153
4294967279,40
4294967279,41
4294967279,154
4294967279,155
4294967279,157
4294967279,42
4294967279,43
4294967279,44
4294967279,156
